0 Untitled
0 Name: model.ldr
0 Author: BrickCamp (by Tobias Buckdahn)
0 Unofficial Model
1 71 0 -4.4 -30 1 0 0 0 1 0 0 0 1 99206.dat
1 14 0 1.6 -48 1 0 0 0 0 -1 0 1 0 3023b.dat
0 STEP
1 71 0 -4.4 30 -1 0 0 0 1 0 0 0 -1 99206.dat
1 14 0 1.6 48 -1 0 0 0 0 -1 0 -1 0 3023b.dat
0 STEP
1 72 0 1.6 56 -1 0 0 0 0 -1 0 -1 0 14419.dat
1 72 0 1.6 -56 1 0 0 0 0 -1 0 1 0 14419.dat
1 72 48.4974 1.6 28 -0.5 -0.866025 0 0 0 -1 0.866025 -0.5 0 14419.dat
1 72 -48.4974 1.6 -28 0.5 0.866025 0 0 0 -1 -0.866025 0.5 0 14419.dat
1 72 48.4974 1.6 -28 0.5 -0.866026 0 0 0 -1 0.866026 0.5 0 14419.dat
1 72 -48.4974 1.6 28 -0.5 0.866026 0 0 0 -1 -0.866026 -0.5 0 14419.dat
