0 untitled model
0 Name: 
0 Author: BrickCamp (by Tobias Buckdahn)
1 0 0.2894 29.482 0 1 0 0 0 1 0 0 0 1 3710.dat
1 0 0.2894 -26.518 0 1 0 0 0 1 0 0 0 1 3710.dat
1 0 0.2894 21.482 0 1 0 0 0 1 0 0 0 1 3069b.dat
1 4 -19.5314 -18.3141 0 0 0.707107 0.707107 0 0.707107 -0.707107 -1 0 0 3044b.dat
1 14 -2.5609 -1.3436 0 -0.707107 0.707107 -0 0.707107 0.707107 0 0 0 -1 3023b.dat
1 4 20.0665 21.2839 0 0 -0.707107 -0.707107 0 -0.707107 0.707107 -1 0 0 3044b.dat
1 0 30.2894 -18.518 0 0 0 1 0 1 0 -1 0 0 3005.dat
1 0 30.2894 5.482 0 0 0 1 0 1 0 -1 0 0 3005.dat
1 0 -29.7106 -18.518 0 0 0 1 0 1 0 -1 0 0 3005.dat
1 0 -29.7106 5.482 0 0 0 1 0 1 0 -1 0 0 3005.dat
