0 untitled model
0 Name: model.ldr
0 Author: BrickCamp (by Tobias Buckdahn)
1 14 0.0491 -9.75 -9.0149 -1 0 0 0 0 1 0 1 0 3700.dat
1 14 0.0491 -9.75 -33.0149 -1 0 0 0 0 1 0 1 0 3700.dat
0 STEP
1 0 -4.9509 -29.75 -7.6752 -0.866025 0.5 0 0 0 1 0.5 0.866025 0 4733.dat
0 STEP
1 14 29.994 -29.75 -15.1489 -0.5 -0.866025 0 0 0 1 -0.866025 0.5 0 3700.dat
1 14 -28.8958 -29.75 18.8511 0.5 0.866025 0 0 0 1 0.866025 -0.5 0 3700.dat
0 STEP
1 14 0.0491 -49.75 10.9851 1 0 0 0 0 1 0 -1 0 3700.dat
1 14 0.0491 -49.75 34.9851 1 0 0 0 0 1 0 -1 0 3700.dat
0 STEP
1 0 5.0491 -69.75 -7.6752 -0.866025 -0.5 0 0 0 1 -0.5 0.866025 0 4733.dat
0 STEP
1 14 29.4243 -69.75 18.1058 0.5 -0.866025 0 0 0 1 -0.866025 -0.5 0 3700.dat
1 14 -29.4655 -69.75 -15.8942 -0.5 0.866025 0 0 0 1 0.866025 0.5 0 3700.dat
0 STEP
1 2 -36.3981 -39.75 -19.8917 0 0.866025 -0.5 -1 0 0 0 0.5 0.866025 3020.dat
1 2 -36.3981 -39.75 21.8138 0 0.866025 0.5 -1 0 0 0 -0.5 0.866025 3020.dat
1 2 -0.2801 -39.75 42.6665 0 0 1 -1 0 0 0 -1 0 3020.dat
0 STEP
1 2 0.0491 -39.75 -41.0149 0 0 -1 -1 0 0 0 1 0 3020.dat
1 2 35.8378 -39.75 -19.8917 0 -0.866026 -0.5 -1 0 0 0 0.5 -0.866026 3020.dat
1 2 36.3338 -39.75 22.1001 0 -0.866025 0.5 -1 0 0 0 -0.5 -0.866025 3020.dat
