0 untitled model
0 Name: 
0 Author: BrickCamp (by Tobias Buckdahn)
1 4 5.4286 -9.8995 2.2223 1 0 0 0 0.707107 0.707107 0 -0.707107 0.707107 47905.dat
1 14 5.4286 -26.8701 -28.8904 0 0 1 0.707107 0.707107 0 -0.707107 0.707107 0 6541.dat
1 14 5.4286 26.8701 24.8497 0 0 1 -0.707107 -0.707107 0 0.707107 -0.707107 0 6541.dat
1 19 5.4286 9.8995 7.8792 1 0 0 0 -0.707107 0.707107 0 -0.707107 -0.707107 3024.dat
1 15 -12.5714 0 -2.0203 0 1 0 -1 0 0 0 0 1 11212.dat
1 4 -4.5714 19.799 17.7786 -1 0 0 0 -0.707107 -0.707107 0 -0.707107 0.707107 89678.dat
1 4 -4.5714 -19.799 -21.8194 -1 0 0 0 -0.707107 -0.707107 0 -0.707107 0.707107 89678.dat
