0 
0 Name: New Model.ldr
0 Author: 
1 72 6.5368 -2.9584 -26.4977 0.707623 -0.146678 0.691199 0.06135 0.987277 0.1467 -0.703922 -0.061403 0.707618 48729b.dat
1 72 21.2226 -11.1634 -26.5301 -0.69693 0.123147 -0.706487 0.130037 0.990516 0.044377 0.705251 -0.060942 -0.706333 48729b.dat
1 72 32.878 -23.2896 -26.8297 0.630906 0.406772 0.660677 -0.309899 0.912785 -0.266058 -0.711281 -0.036886 0.701939 48729b.dat
1 72 40.3353 -37.7021 -27.8166 -0.467738 0.627041 -0.62293 0.426905 0.77739 0.461971 0.773934 -0.049851 -0.631301 48729b.dat
1 72 44.5128 -54.534 -28.7645 0.359528 0.81728 0.450325 -0.59786 0.572282 -0.561299 -0.716452 -0.067428 0.694371 48729b.dat
1 72 43.7158 -71.3359 -28.9774 0.183449 0.940473 0.286106 -0.673631 0.332236 -0.660182 -0.715938 -0.071621 0.694481 48729b.dat
1 72 38.8296 -87.398 -29.0841 -0.011206 0.992897 -0.118449 0.700306 0.092347 0.707844 0.713755 -0.075018 -0.696367 48729b.dat
1 72 30.1699 -101.7815 -29.1183 -0.162331 0.985159 -0.055766 -0.684115 -0.153093 -0.713126 -0.71108 -0.077612 0.698814 48729b.dat
1 72 18.2603 -113.6155 -29.0775 -0.326655 0.917728 -0.22599 -0.626038 -0.389224 -0.675708 -0.708077 -0.079245 0.701675 48729b.dat
1 72 3.8224 -122.1836 -28.9642 0.471818 0.794686 0.381919 0.529591 -0.60175 0.597854 0.704926 -0.079818 -0.704775 48729b.dat
1 72 -12.27 -126.9673 -28.7855 -0.589033 0.623481 -0.514112 -0.400614 -0.777807 -0.484278 -0.701818 -0.079295 0.707929 48729b.dat
1 72 -29.0429 -127.6766 -28.5521 0.671204 0.414477 0.614568 0.246911 -0.906736 0.341856 0.698942 -0.077711 -0.710943 48729b.dat
1 72 -45.4803 -124.2691 -28.2781 -0.713354 0.180328 -0.677206 -0.07779 -0.980731 -0.179209 -0.696473 -0.07516 0.713636 48729b.dat
1 72 -60.5878 -116.9507 -27.9802 0.712935 -0.064793 0.69823 -0.096512 -0.995313 0.006184 0.694556 -0.071796 -0.715847 48729b.dat
1 72 -73.4502 -106.1643 -27.6763 -0.66997 -0.306044 -0.676371 0.265442 -0.949599 0.166744 -0.693312 -0.067823 0.717439 48729b.dat
1 72 -83.2892 -92.5631 -27.385 0.587061 -0.52882 0.612951 -0.418771 -0.846357 -0.329107 0.692814 -0.063481 -0.718317 48729b.dat
1 72 -89.509 -76.9708 -27.1235 -0.469225 -0.719638 -0.51181 0.547222 -0.691836 0.471075 -0.693092 -0.059034 0.718428 48729b.dat
1 72 -91.7333 -60.3309 -26.908 0.323598 -0.866943 0.379071 -0.643014 -0.495392 -0.584055 0.694131 -0.054749 -0.717764 48729b.dat
1 72 -89.8271 -43.6508 -26.7516 -0.158996 -0.961818 -0.22277 0.70035 -0.268917 0.661206 -0.695866 -0.050888 0.716366 48729b.dat
1 72 -83.9065 -27.9405 -26.6636 -0.014617 -0.998521 0.052367 -0.71576 -0.026121 -0.697857 0.698193 -0.047683 -0.71432 48729b.dat
1 72 -74.3289 -14.1509 -26.6493 0.186732 -0.974829 0.12182 0.68831 0.218299 0.691791 -0.700971 -0.045329 0.711748 48729b.dat
1 72 -61.675 -3.1168 -26.7098 -0.346926 -0.892177 -0.289246 -0.619662 0.449542 -0.643375 0.704032 -0.043969 -0.708805 48729b.dat
1 72 -46.6727 4.5426 -26.7794 -0.500056 -0.754389 -0.425254 -0.504351 0.652884 -0.565131 0.70397 -0.06812 -0.706956 48729b.dat
1 72 -30.3503 8.2296 -26.7491 0.597051 -0.573042 0.561385 0.381016 0.818401 0.430171 -0.705944 -0.042938 0.706965 48729b.dat
1 72 -13.6234 7.8222 -26.988 -0.672976 -0.333105 -0.660412 -0.205066 0.941878 -0.266107 0.710669 -0.043656 -0.70217 48729b.dat
0 STEP
1 0 14.1464 -6.6122 -19.1663 -0.706484 -0.012095 0.707625 0.044377 0.997129 0.061349 -0.706336 0.074744 -0.70392 48729b.dat
1 0 27.4135 -17.059 -19.3249 0.660674 0.278916 -0.696933 -0.266056 0.955146 0.130039 0.701943 0.09951 0.705247 48729b.dat
1 0 37.3216 -30.6492 -19.6818 -0.57092 0.525361 0.630908 0.435335 0.845248 -0.309901 -0.696084 0.097728 -0.711278 48729b.dat
1 0 43.265 -46.3029 -21.3017 0.491838 0.734381 -0.467739 -0.601816 0.674958 0.426906 0.629216 0.071524 0.773933 48729b.dat
1 0 44.7476 -63.0579 -21.5335 -0.286106 0.88819 0.359529 0.660182 0.454667 -0.597861 -0.69448 0.066302 -0.71645 48729b.dat
1 0 41.8747 -79.5989 -21.6745 0.118449 0.975867 -0.183451 -0.707844 0.212551 0.673631 0.696367 0.050064 0.715938 48729b.dat
1 0 35.05 -94.9381 -21.7454 0.055765 0.998381 0.011205 0.713126 -0.031972 -0.700307 -0.698815 0.047044 -0.713754 48729b.dat
1 0 24.6863 -108.1474 -21.742 -0.22599 0.960509 0.16233 -0.675708 -0.2746 0.684115 0.701675 0.044915 0.71108 48729b.dat
1 0 11.4115 -118.4266 -21.6644 0.381919 0.864543 -0.326655 0.597854 -0.500646 -0.626038 -0.704776 0.043804 -0.708077 48729b.dat
1 0 -3.9703 -125.1535 -21.5174 -0.514112 0.716293 0.471819 -0.484278 -0.696425 0.529592 0.707929 0.043778 0.704925 48729b.dat
1 0 -20.5288 -127.921 -21.3096 0.614568 0.524734 -0.589033 0.341856 -0.850084 -0.400614 -0.710944 0.04484 -0.701818 48729b.dat
1 0 -37.2609 -126.5614 -21.0541 -0.677205 0.301461 0.671204 -0.179209 -0.952323 0.246911 0.713637 0.046923 0.698942 48729b.dat
1 0 -53.154 -121.158 -20.7659 0.698229 0.059992 -0.713356 0.006184 -0.996951 -0.077789 -0.715847 0.049903 -0.696471 48729b.dat
1 0 -67.246 -112.0356 -20.4628 -0.676371 -0.185055 0.712936 0.166744 -0.981265 -0.096512 0.717439 0.0536 0.694556 48729b.dat
1 0 -78.6837 -99.7488 -20.1629 0.612951 -0.418844 -0.66997 -0.329106 -0.906217 0.265441 -0.718317 0.057789 -0.693312 48729b.dat
1 0 -86.7746 -85.0404 -19.8842 -0.51181 -0.627224 0.587061 0.471074 -0.77635 -0.418772 0.718428 0.062217 0.692813 48729b.dat
1 0 -91.0289 -68.8009 -19.6441 0.379072 -0.797579 -0.469226 -0.584054 -0.599525 0.547222 -0.717765 0.066617 -0.693092 48729b.dat
1 0 -91.1897 -52.0135 -19.4566 -0.22277 -0.919597 0.323598 0.661206 -0.386446 -0.643013 0.716366 0.070721 0.694131 48729b.dat
1 0 -87.2463 -35.6942 -19.3334 0.052367 -0.98589 -0.158996 -0.697857 -0.150014 0.700351 -0.71432 0.074281 -0.695866 48729b.dat
1 0 -79.4373 -20.8313 -19.282 0.12182 -0.992445 -0.014617 0.691791 0.095458 -0.715761 0.711748 0.077082 0.698193 48729b.dat
1 0 -68.2365 -8.3243 -19.3052 -0.289246 -0.938865 0.186732 -0.643375 0.33511 0.68831 -0.708806 0.078952 -0.700971 48729b.dat
1 0 -54.3215 1.0693 -19.4018 0.425254 -0.835944 -0.346925 0.565131 0.544654 -0.619661 0.706956 0.067455 0.704033 48729b.dat
1 0 -38.6478 6.9296 -19.3692 -0.561385 -0.659386 0.500057 -0.430171 0.748721 0.504351 -0.706965 0.068026 -0.70397 48729b.dat
1 0 -21.8712 8.439 -19.4646 -0.660412 -0.455395 0.597052 -0.266109 0.885445 0.381016 -0.702169 0.092747 -0.705944 48729b.dat
1 0 -5.3538 5.7741 -19.748 -0.711837 -0.200973 0.672977 -0.0815 0.975349 0.205066 -0.6976 0.091126 -0.710669 48729b.dat
