0 FILE New Model.ldr
0 
0 Name: New Model.ldr
0 Author: 
0 !LEOCAD PIECE PIVOT  0 0 -30 1 0 0 0 1 0 0 0 1
1 0 -84.9999 -31.9999 5.0001 0 0 -1 0 -1 0 -1 0 0 Rotor.ldr
0 !LEOCAD PIECE PIVOT  0 0 -30 1 0 0 0 1 0 0 0 1
1 0 -24.9999 -31.9999 5 0 0 1 0 1 0 -1 0 0 Rotor.ldr
0 STEP
0 !LEOCAD PIECE PIVOT  0 0 -30 1 0 0 0 1 0 0 0 1
1 0 -54.9999 -11.9999 -25 -1 0 0 0 1 0 0 0 -1 Rotor.ldr
0 !LEOCAD PIECE PIVOT  0 0 -30 1 0 0 0 1 0 0 0 1
1 0 -55 -11.9999 35.0001 -1 0 0 0 -1 0 0 0 1 Rotor.ldr
0 STEP
0 !LEOCAD PIECE PIVOT  0 80 0 1 0 0 0 1 0 0 0 1
1 0 25.0001 -30.9999 5 0 -1 0 -1 0 0 0 0 -1 2825.dat
0 !LEOCAD PIECE PIVOT  0 80 0 1 0 0 0 1 0 0 0 1
1 0 -14.9998 -32.9999 -64.2821 0 -0.5 -0.866025 -1 0 0 0 0.866025 -0.5 2825.dat
0 !LEOCAD PIECE PIVOT  0 80 0 1 0 0 0 1 0 0 0 1
1 0 -94.9998 -30.9999 -64.2822 0 0.5 -0.866026 -1 0 0 0 0.866026 0.5 2825.dat
0 !LEOCAD PIECE PIVOT  0 80 0 1 0 0 0 1 0 0 0 1
1 0 -135 -32.9999 4.9996 0 1 0 -1 0 0 0 0 1 2825.dat
0 !LEOCAD PIECE PIVOT  0 80 0 1 0 0 0 1 0 0 0 1
1 0 -95.0001 -30.9999 74.2817 0 0.5 0.866025 -1 0 0 0 -0.866025 0.5 2825.dat
0 !LEOCAD PIECE PIVOT  0 80 0 1 0 0 0 1 0 0 0 1
1 0 -14.9999 -32.9999 74.2819 0 -0.5 0.866026 -1 0 0 0 -0.866026 -0.5 2825.dat
0 !LEOCAD PIECE PIVOT  0 80 0 1 0 0 0 1 0 0 0 1
1 0 14.2823 -12.9999 -35.0001 0 -0.866025 -0.5 -1 0 0 0 0.5 -0.866025 2825.dat
0 !LEOCAD PIECE PIVOT  0 80 0 1 0 0 0 1 0 0 0 1
1 0 -54.9998 -10.9999 -75.0001 0 0 -1 -1 0 0 0 1 0 2825.dat
0 !LEOCAD PIECE PIVOT  0 80 0 1 0 0 0 1 0 0 0 1
1 0 -124.282 -12.9999 -35.0003 0 0.866025 -0.5 -1 0 0 0 0.5 0.866025 2825.dat
0 !LEOCAD PIECE PIVOT  0 80 0 1 0 0 0 1 0 0 0 1
1 0 -124.2822 -10.9999 44.9997 0 0.866025 0.5 -1 0 0 0 -0.5 0.866025 2825.dat
0 !LEOCAD PIECE PIVOT  0 80 0 1 0 0 0 1 0 0 0 1
1 0 -55.0002 -12.9999 84.9997 0 0 1 -1 0 0 0 -1 0 2825.dat
0 !LEOCAD PIECE PIVOT  0 80 0 1 0 0 0 1 0 0 0 1
1 0 14.2823 -10.9999 44.9999 0 -0.866025 0.5 -1 0 0 0 -0.5 -0.866025 2825.dat
1 0 -54.9999 -21.9999 5 0 0 1 1 0 0 0 1 0 3705.dat
0 NOFILE
0 FILE Rotor.ldr
0 
0 Name: Rotor.ldr
0 Author: 
1 7 0 -8 -30 1 0 0 0 1 0 0 0 1 2712.dat
0 STEP
1 1 0 -10 10 0 1 0 -1 0 0 0 0 1 4274.dat
1 1 34.6411 -10 -50 -0 -0.5 0.866026 -1 0 0 -0 -0.866026 -0.5 4274.dat
1 1 -34.6409 -10 -50.0002 -0 -0.5 -0.866025 -1 0 0 0 0.866025 -0.5 4274.dat
0 STEP
1 7 0 0 30 0 1 0 -1 0 0 0 0 1 4273b.dat
1 7 51.9616 0 -60 0 -0.5 0.866026 -1 0 0 0 -0.866026 -0.5 4273b.dat
1 7 -51.9614 0 -60.0002 0 -0.5 -0.866025 -1 0 0 0 0.866025 -0.5 4273b.dat
0 STEP
1 4 0 1 40 0 0 1 0 1 0 -1 0 0 32062.dat
1 4 60.6218 1 -65 -0.866026 0 -0.5 0 1 0 0.5 0 -0.866026 32062.dat
1 4 -60.6217 1 -65.0002 0.866025 0 -0.5 0 1 0 0.5 0 0.866025 32062.dat
0 NOFILE
