0 Untitled
0 Name: model.ldr
0 Author: BrickCamp (by Tobias Buckdahn)
0 Unofficial Model
1 14 39 -8 -15 1 0 0 0 1 0 0 0 1 2429.dat
1 14 39 -8 -15 -0.5 0 0.866025 0 1 0 -0.866025 0 -0.5 2430.dat
1 14 -1 -16 -15 -0.5 0 -0.866025 0 1 0 0.866025 0 -0.5 2429.dat
1 14 -1 -16 -15 1 0 0 0 1 0 0 0 1 2430.dat
1 14 19.0323 0 -49.6391 -0.5 0 0.866026 0 1 0 -0.866026 0 -0.5 2429.dat
0 !LEOCAD PIECE PIVOT  21 0 -12 1 0 0 0 1 0 0 0 1
1 14 19.0323 0 -49.6391 -0.5 0 -0.866025 0 1 0 0.866025 0 -0.5 2430.dat
1 25 19 0 -5 1 0 0 0 1 0 0 0 1 3023a.dat
1 25 0.2813 -8.0467 -37.2724 -0.5 0 -0.866025 0 1 0 0.866025 0 -0.5 3023a.dat
1 25 37.6773 -16.0167 -37.3448 -0.5 0 0.866026 0 1 0 -0.866026 0 -0.5 3023a.dat
